-1
206
149
114
187
121
-1
178
177
73
-1
23
181
126
-1
103
174
-1
214
-1
139
-1
128
157
184
68
161
143
137
139
-1
-1
182
114
190
163
117
-1
45
165
189
198
90
157
199
198
75
99
53
-1
31
191
203
173
144
163
-1
165
166
113
130
189
196
103
-1
114
156
-1
109
-1
72
-1
33
117
137
211
191
167
166
111
182
-1
199
-1
-1
-1
156
213
-1
-1
121
205
41
105
159
103
181
189
75
100
-1
166
103
-1
-1
187
-1
-1
99
181
91
-1
-1
-1
-1
172
146
165
64
168
198
150
214
152
-1
205
-1
-1
143
107
117
211
121
168
-1
172
168
-1
114
-1
-1
114
121
45
-1
53
90
50
156
152
-1
198
181
177
-1
163
176
37
-1
163
-1
184
43
194
-1
190
198
-1
189
185
198
196
-1
182
73
-1
176
201
198
148
107
168
143
143
187
116
-1
-1
159
180
189
149
167
178
139
137
-1
182
112
205
178
157
-1
-1
211
205
-1
196
182
166
184
77
121
88
107
-1
-1
-1
141
157
-1
116
143
-1
205
31
-1
-1
45
124
-1
-1
-1
69
100
102
185
173
156
141
27
130
180
37
170
90
176
178
199
168
191
83
203
176
19
-1
-1
166
57
182
187
192
-1
172
-1
88
161
130
-1
-1
75
-1
-1
176
176
170
161
97
-1
66
66
201
111
-1
132
-1
156
156
167
150
165
141
-1
182
-1
69
-1
126
174
154
-1
75
87
184
185
90
131
66
116
211
117
-1
112
192
170
-1
182
107
177
111
135
178
194
-1
83
85
88
166
119
177
196
191
119
178
-1
166
167
130
159
205
172
64
184
-1
177
161
-1
165
190
-1
-1
-1
191
132
-1
122
213
194
182
-1
39
85
146
-1
161
190
189
112
124
149
146
-1
182
178
181
190
196
216
17
113
-1
32
-1
156
11
73
148
159
66
187
201
192
166
189
124
134
-1
143
67
-1
-1
130
199
189
199
172
143
121
95
21
