37 14576581
31 142703387
3 4326589
109 17743813
13 13593347
31 5569859
19 14557111
43 61489759
3 30378869
31 18221473
19 48317483
7 30412079
13 28408199
37 20594303
19 1403747
3 51423811
23 11624939
5 35236219
3 14422607
17 2528411
127 41570527
19 59634871
17 180221177
19 6937171
7 5665367
11 125673803
67 10242979
31 16220683
17 46696723
3 7016837
29 20757991
17 19681723
7 11541001
19 6145927
107 46281689
19 985547
43 24115573
23 59721679
13 43786079
3 17789197
47 33867917
23 23584513
41 6727207
7 10784507
73 36182879
29 77685989
29 12095971
11 5796829
11 3366089
59 58699339
5 104032417
11 24262129
3 77762969
17 47681807
89 47542889
31 38193403
5 26646923
7 9901637
7 12517541
17 19067063
13 17635237
11 6452389
5 39312401
17 44874953
59 28005907
11 21831263
53 20470001
53 17173619
31 18308519
31 6615361
11 28079239
31 78188783
149 13969133
31 111924679
137 10955671
